BASE
glm::vec3(0.07, 0.02, 0)
glm::vec3(0.062, 0.017, 0
glm::vec3(0.074, 0.015, 0)
glm::vec3(0.071, -0.007, 0)
glm::vec3(0.064, -0.01, 0)

PAWN
glm::vec3(0.0, 0.14, 0)
glm::vec3(0.02, 0.135, 0)
glm::vec3(0.03, 0.12, 0)
glm::vec3(0.023, 0.10, 0)
glm::vec3(0.018, 0.097, 0)
glm::vec3(0.025, 0.095, 0)
glm::vec3(0.03, 0.09, 0)
glm::vec3(0.027, 0.085, 0)
glm::vec3(0.017, 0.08, 0)
glm::vec3(0.02, 0.05, 0)
glm::vec3(0.05, 0.05, 0)

KNIGHT
glm::vec3(0.0, 0.18, 0)
glm::vec3(0.037, 0.175, 0)
glm::vec3(0.045, 0.17, 0)
glm::vec3(0.038, 0.14, 0)
glm::vec3(0.022, 0.135, 0)
glm::vec3(0.017, 0.13, 0)
glm::vec3(0.03, 0.11, 0)
glm::vec3(0.032, 0.104, 0)
glm::vec3(0.035, 0.10, 0)
glm::vec3(0.04, 0.07, 0)
glm::vec3(0.05, 0.05, 0)



BISHOP
glm::vec3(0.0, 0.21, 0)
glm::vec3(0.01, 0.2, 0)
glm::vec3(0.009, 0.194, 0)
glm::vec3(0.02, 0.18, 0)
glm::vec3(0.019, 0.178, 0)
glm::vec3(0.024, 0.17, 0)
glm::vec3(0.03, 0.15, 0)
glm::vec3(0.03, 0.14, 0)
glm::vec3(0.024, 0.13, 0)
glm::vec3(0.026, 0.125, 0)
glm::vec3(0.025, 0.122, 0)
glm::vec3(0.0187, 0.12, 0)
glm::vec3(0.027, 0.115, 0)
glm::vec3(0.028, 0.113, 0)
glm::vec3(0.04, 0.107, 0)
glm::vec3(0.019 , 0.098, 0)
glm::vec3(0.05, 0.05, 0)



ROOK
glm::vec3(0.0, 0.15, 0)
glm::vec3(0.03, 0.15, 0)
glm::vec3(0.03, 0.16, 0)
glm::vec3(0.04, 0.16, 0)
glm::vec3(0.04, 0.14, 0)
glm::vec3(0.03, 0.135, 0)
glm::vec3(0.024, 0.12, 0)
glm::vec3(0.03, 0.06, 0)
glm::vec3(0.05, 0.05, 0)



QUEEN
glm::vec3(0.0, 0.24, 0)
glm::vec3(0.015, 0.239, 0)
glm::vec3(0.03, 0.24, 0)
glm::vec3(0.035, 0.23, 0)
glm::vec3(0.027, 0.22, 0)
glm::vec3(0.025, 0.19, 0)
glm::vec3(0.027, 0.187, 0)
glm::vec3(0.025, 0.185, 0)
glm::vec3(0.023, 0.17, 0)
glm::vec3(0.032, 0.164, 0)
glm::vec3(0.035, 0.16, 0)
glm::vec3(0.042, 0.155, 0)
glm::vec3(0.039, 0.148, 0)
glm::vec3(0.017, 0.145, 0)
glm::vec3(0.029, 0.065, 0)
glm::vec3(0.034, 0.06, 0)
glm::vec3(0.05, 0.05, 0)


KING
glm::vec3(0.0, 0.31, 0)
glm::vec3(0.01, 0.3, 0)
glm::vec3(0.01, 0.29, 0)
glm::vec3(0.02, 0.29, 0)
glm::vec3(0.02, 0.27, 0)
glm::vec3(0.015, 0.27, 0)
glm::vec3(0.015, 0.257, 0)
glm::vec3(0.017, 0.256, 0)
glm::vec3(0.017, 0.254, 0)
glm::vec3(0.019, 0.251, 0)
glm::vec3(0.039, 0.25, 0)
glm::vec3(0.041, 0.24, 0)
glm::vec3(0.031, 0.2, 0)
glm::vec3(0.034, 0.19, 0)
glm::vec3(0.032, 0.185, 0)
glm::vec3(0.04, 0.17, 0)
glm::vec3(0.04, 0.165, 0)
glm::vec3(0.054, 0.161, 0)
glm::vec3(0.02, 0.15, 0)
glm::vec3(0.035, 0.07, 0)
glm::vec3(0.047, 0.065, 0)
glm::vec3(0.049, 0.06, 0)
glm::vec3(0.05, 0.05, 0)
